$ANSIBLE_VAULT;1.1;AES256
37613264656532313935353131373861323437363139643063373436643561353436383565646338
6436366238626664376361616530616430333535636461390a363936376130343330616664613436
63643364316632353437623761306664656361376136623163646236646366636530336635663362
3438333765303536610a653930613836393330663935656431663638393363326164643436336630
32376562623762313166396263623533373964616463346561623832616661313061393066613336
34383465633764323839326463323265353937313335653565666362366639313136623665356666
61613334626165386234616338396361323031613662633537313561343731353065626538363332
66663666623035616663633236356433333063393334383432376139363137633432326137303766
62613661373030656465633163333965313562353263353066303636386531363562336639623736
63613432663264323730663232666330616636373837393464323963653465383832633033343932
65316531363862353231333663336631383861383666616233613236653433356562636634373631
36326530653935663536616663643534313930323639653831343130383835313035623232376366
62323639386637613836646233643162313935626363366662643237666538356338636336663936
34643065623732363530376136393335356362393031396564656363363962666535623736313038
64373866383964303235666139646336363665646464393439336164333432303462356131313032
30303966316337363461326638313732303031363332366564383962613364316433613933613038
36366433613831643666313130306336313737303034306533316163373364363764333364343731
66326531623934343733613736393963306361343937393334343865393634376334366139656163
34656161303731623237636437633731663063373235333734366662636332623637623763303333
38353432346632343731643438303935646132616639356263336231346537306438336637323538
38626639383564333064653732333137396262343231633665343561646162323432316236613530
62613363383366623634626130653633663232663731393163303736386630373463353630343862
64306161333335393065613339366234366266633335373838313166333132656364643861623862
66633837343038623831616563633031323561396464643834313461396232303636393432613761
39313234353238646437333732343564333062306232646530323333623064653065323031636530
33633331326166316362313135393665663066343637633537316566366561353564373261323533
37313234633737333739326235383036323638646234366264316563663661613965326565333532
66303061366230393631353365326138613138623030313831373265653835656161656436613961
65386562623763316431316133306233663561396136633164613461636138333038
